m1 = 14000;
m2 = 450.28;
m3 = 200;
k1 = 54700;
k2 = 303600;
h = 42;
