F = 1
m = 14
k = 6
x0 = 0.1

A = [0 1; -k/m 0]
B = [0; 0]
C = [1 0; 0 1]
D = [0; 0]